0 0
25 0
50 0
75 0
100 0
125 0
150 0
175 0
200 0
225 0
250 0
275 0
300 0
325 0
350 0
375 0
400 0
425 0
450 0
475 0
500 0
525 0
550 0
575 0
600 0
625 0
650 0
675 0
700 0
725 0
750 0
775 0
800 0
825 0
850 0
875 0
900 0
925 0
950 0
975 0
1000 0
1025 0
1050 0
1075 0
1100 0
1125 0
1150 0
1175 0
1200 0
1225 0
1250 0
1275 0
1300 0
1325 0
1350 0
1375 0
1400 0
1425 0
1450 0
1475 0
1500 0
1525 0
1550 0
1575 0
1600 0
1625 0
1650 0
1675 0
1700 0
1725 0
1750 0
1775 0
1800 0
1825 0
1850 0
1875 0
1900 0
1925 0
1950 0
1975 0
2000 0
2025 0
2050 0
2075 0
2100 0
2125 0
2150 0
2175 0
2200 0
2225 0
2250 0
2275 0
2300 0
2325 0
2350 0
2375 0
2400 0
2425 0
2450 0
2475 0
2500 0
2525 0
2550 0
2575 0
2600 0
2625 0
2650 0
2675 0
2700 0
2725 0
2750 0
2775 0
2800 0
2825 0
2850 0
2875 0
2900 0
2925 0
2950 0
2975 0
3000 0
3025 0
3050 0
3075 0
3100 0
3125 0
3150 0
3175 0
3200 0
3225 0
3250 0
3275 0
3300 0
3325 0
3350 0
3375 0
3400 0
3425 0
3450 0
3475 0
3500 0
3525 0
3550 0
3575 0
3600 0
3625 0
3650 0
3675 0
3700 0
3725 0
3750 0
3775 0
3800 0
3825 0
3850 0
3875 0
3900 0
3925 0
3950 0
3975 0
4000 0
4025 0
4050 0
4075 0
4100 0
4125 0
4150 0
4175 0
4200 0
4225 0
4250 0
4275 0
4300 0
4325 0
4350 0
4375 0
4400 0
4425 0
4450 0
4475 0
4500 0
4525 0
4550 0
4575 0
4600 0
4625 0
4650 0
4675 0
4700 0
4725 0
4750 0
4775 0
4800 0
4825 0
4850 0
4875 0
4900 0
4925 0
4950 0
4975 0
5000 0
5025 0
5050 0
5075 0
5100 0
5125 0
5150 0
5175 0
5200 0
5225 0
5250 0
5275 0
5300 0
5325 0
5350 0
5375 0
5400 0
5425 0
5450 0
5475 0
5500 0
5525 0
5550 0
5575 0
5600 0
5625 0
5650 0
5675 0
5700 0
5725 0
5750 0
5775 0
5800 0
5825 0
5850 0
5875 0
5900 0
5925 0
5950 0
5975 0
6000 0
6025 0
6050 0
6075 0
6100 0
6125 0
6150 0
6175 0
6200 0
6225 0
6250 0
6275 0
6300 0
6325 0
6350 0
6375 0
6400 0
6425 0
6450 0
6475 0
6500 0
6525 0
6550 0
6575 0
6600 0
6625 0
6650 0
6675 0
6700 0
6725 0
6750 0
6775 0
6800 0
6825 0
6850 0
6875 0
6900 0
6925 0
6950 0
6975 0
7000 0
7025 0
7050 0
7075 0
7100 0
7125 0
7150 0
7175 0
7200 0
7225 0
7250 0
7275 0
7300 0
7325 0
7350 0
7375 0
7400 0
7425 0
7450 0
7475 0
7500 0
7525 0
7550 0
7575 0
7600 0
7625 0
7650 0
7675 0
7700 0
7725 0
7750 0
7775 0
7800 0
7825 0
7850 0
7875 0
7900 0
7925 0
7950 0
7975 0
8000 0
8025 0
8050 0
8075 0
8100 0
8125 0
8150 0
8175 0
8200 0
8225 0
8250 0
8275 0
8300 0
8325 0
8350 0
8375 0
8400 0
8425 0
8450 0
8475 0
8500 0
8525 0
8550 0
8575 0
8600 0
8625 0
8650 0
8675 0
8700 0
8725 0
8750 0
8775 0
8800 0
8825 0
8850 0
8875 0
8900 0
8925 0
8950 0
8975 0
9000 0
9025 0
9050 0
9075 0
9100 0
9125 0
9150 0
9175 0
9200 0
9225 0
9250 0
9275 0
9300 0
9325 0
9350 0
9375 0
9400 0
9425 0
9450 0
9475 0
9500 0
9525 0
9550 0
9575 0
9600 0
9625 0
9650 0
9675 0
9700 0
9725 0
9750 0
9775 0
9800 0
9825 0
9850 0
9875 0
9900 0
9925 0
9950 0
9975 0
10000 0
10025 0
10050 0
10075 0
10100 0
10125 0
10150 0
10175 0
10200 0
10225 0
10250 0
10275 0
10300 0
10325 0
10350 0
10375 0
10400 0
10425 0
10450 0
10475 0
10500 0
10525 0
10550 0
10575 0
10600 0
10625 0
10650 0
10675 0
10700 0
10725 0
10750 0
10775 0
10800 0
10825 0
10850 0
10875 0
10900 0
10925 0
10950 0
10975 0
11000 0
11025 0
11050 0
11075 0
11100 0
11125 0
11150 0
11175 0
11200 0
11225 0
11250 0
11275 0
11300 0
11325 0
11350 0
11375 0
11400 0
11425 0
11450 0
11475 0
11500 0
11525 0
11550 0
11575 0
11600 0
11625 0
11650 0
11675 0
11700 0
11725 0
11750 0
11775 0
11800 0
11825 0
11850 0
11875 0
11900 0
11925 0
11950 0
11975 0
12000 0
12025 0
12050 0
12075 0
12100 0
12125 0
12150 0
12175 0
12200 0
12225 0
12250 0
12275 0
12300 0
12325 0
12350 0
12375 0
12400 0
12425 0
12450 0
12475 0
12500 0
12525 0
12550 0
12575 0
12600 0
12625 0
12650 0
12675 0
12700 0
12725 0
12750 0
12775 0
12800 0
12825 0
12850 0
12875 0
12900 0
12925 0
12950 0
12975 0
13000 0
13025 0
13050 0
13075 0
13100 0
13125 0
13150 0
13175 0
13200 0
13225 0
13250 0
13275 0
13300 0
13325 0
13350 0
13375 0
13400 0
13425 0
13450 0
13475 0
13500 0
13525 0
13550 0
13575 0
13600 0
13625 0
13650 0
13675 0
13700 0
13725 0
13750 0
13775 0
13800 0
13825 0
13850 0
13875 0
13900 0
13925 0
13950 0
13975 0
14000 0
14025 0
14050 0
14075 0
14100 0
14125 0
14150 0
14175 0
14200 0
14225 0
14250 0
14275 0
14300 0
14325 0
14350 0
14375 0
14400 0
14425 0
14450 0
14475 0
14500 0
14525 0
14550 0
14575 0
14600 0
14625 0
14650 0
14675 0
14700 0
14725 0
14750 0
14775 0
14800 0
14825 0
14850 0
14875 0
14900 0
14925 0
14950 0
14975 0
15000 0
15025 0
15050 0
15075 0
15100 0
15125 0
15150 0
15175 0
15200 0
15225 0
15250 0
15275 0
15300 0
15325 0
15350 0
15375 0
15400 0
15425 0
15450 0
15475 0
15500 0
15525 0
15550 0
15575 0
15600 0
15625 0
15650 0
15675 0
15700 0
15725 0
15750 0
15775 0
15800 0
15825 0
15850 0
15875 0
15900 0
15925 0
15950 0
15975 0
16000 0
16025 0
16050 0
16075 0
16100 0
16125 0
16150 0
16175 0
16200 0
16225 0
16250 0
16275 0
16300 0
16325 0
16350 0
16375 0
16400 0
16425 0
16450 0
16475 0
16500 0
16525 0
16550 0
16575 0
16600 0
16625 0
16650 0
16675 0
16700 0
16725 0
16750 0
16775 0
16800 0
16825 0
16850 0
16875 0
16900 0
16925 0
16950 0
16975 0
17000 0
17025 0
17050 0
17075 0
17100 0
17125 0
17150 0
17175 0
17200 0
17225 0
17250 0
17275 0
17300 0
17325 0
17350 0
17375 0
17400 0
17425 0
17450 0
17475 0
17500 0
17525 0
17550 0
17575 0
17600 0
17625 0
17650 0
17675 0
17700 0
17725 0
17750 0
17775 0
17800 0
17825 0
17850 0
17875 0
17900 0
17925 0
17950 0
17975 0
18000 0
18025 0
18050 0
18075 0
18100 0
18125 0
18150 0
18175 0
18200 0
18225 0
18250 0
18275 0
18300 0
18325 0
18350 0
18375 0
18400 0
18425 0
18450 0
18475 0
18500 0
18525 0
18550 0
18575 0
18600 0
18625 0
18650 0
18675 0
18700 0
18725 0
18750 0
18775 0
18800 0
18825 0
18850 0
18875 0
18900 0
18925 0
18950 0
18975 0
19000 0
19025 0
19050 0
19075 0
19100 0
19125 0
19150 0
19175 0
19200 0
19225 0
19250 0
19275 0
19300 0
19325 0
19350 0
19375 0
19400 0
19425 0
19450 0
19475 0
19500 0
19525 0
19550 0
19575 0
19600 0
19625 0
19650 0
19675 0
19700 0
19725 0
19750 0
19775 0
19800 0
19825 0
19850 0
19875 0
19900 0
19925 0
19950 0
19975 0
20000 0
20025 0
20050 0
20075 0
20100 0
20125 0
20150 0
20175 0
20200 0
20225 0
20250 0
20275 0
20300 0
20325 0
20350 0
20375 0
20400 0
20425 0
20450 0
20475 0
20500 0
20525 0
20550 0
20575 0
20600 0
20625 0
20650 0
20675 0
20700 0
20725 0
20750 0
20775 0
20800 0
20825 0
20850 0
20875 0
20900 0
20925 0
20950 0
20975 0
21000 0
21025 0
21050 0
21075 0
21100 0
21125 0
21150 0
21175 0
21200 0
21225 0
21250 0
21275 0
21300 0
21325 0
21350 0
21375 0
21400 0
21425 0
21450 0
21475 0
21500 0
21525 0
21550 0
21575 0
21600 0
21625 0
21650 0
21675 0
21700 0
21725 0
21750 0
21775 0
21800 0
21825 0
21850 0
21875 0
21900 0
21925 0
21950 0
21975 0
22000 0
22025 0
22050 0
22075 0
22100 0
22125 0
22150 0
22175 0
22200 0
22225 0
22250 0
22275 0
22300 0
22325 0
22350 0
22375 0
22400 0
22425 0
22450 0
22475 0
22500 0
22525 0
22550 0
22575 0
22600 0
22625 0
22650 0
22675 0
22700 0
22725 0
22750 0
22775 0
22800 0
22825 0
22850 0
22875 0
22900 0
22925 0
22950 0
22975 0
23000 0
23025 0
23050 0
23075 0
23100 0
23125 0
23150 0
23175 0
23200 0
23225 0
23250 0
23275 0
23300 0
23325 0
23350 0
23375 0
23400 0
23425 0
23450 0
23475 0
23500 0
23525 0
23550 0
23575 0
23600 0
23625 0
23650 0
23675 0
23700 0
23725 0
23750 0
23775 0
23800 0
23825 0
23850 0
23875 0
23900 0
23925 0
23950 0
23975 0
24000 0
24025 0
24050 0
24075 0
24100 0
24125 0
24150 0
24175 0
24200 0
24225 0
24250 0
24275 0
24300 0
24325 0
24350 0
24375 0
24400 0
24425 0
24450 0
24475 0
24500 0
24525 0
24550 0
24575 0
24600 0
24625 0
24650 0
24675 0
24700 0
24725 0
24750 0
24775 0
24800 0
24825 0
24850 0
24875 0
24900 0
24925 0
24950 0
24975 0
25000 0
25025 0
25050 0
25075 0
25100 0
25125 0
25150 0
25175 0
25200 0
25225 0
25250 0
25275 0
25300 0
25325 0
25350 0
25375 0
25400 0
25425 0
25450 0
25475 0
25500 0
25525 0
25550 0
25575 0
25600 0
25625 0
25650 0
25675 0
25700 0
25725 0
25750 0
25775 0
25800 0
25825 0
25850 0
25875 0
25900 0
25925 0
25950 0
25975 0
26000 0
26025 0
26050 0
26075 0
26100 0
26125 0
26150 0
26175 0
26200 0
26225 0
26250 0
26275 0
26300 0
26325 0
26350 0
26375 0
26400 0
26425 0
26450 0
26475 0
26500 0
26525 0
26550 0
26575 0
26600 0
26625 0
26650 0
26675 0
26700 0
26725 0
26750 0
26775 0
26800 0
26825 0
26850 0
26875 0
26900 0
26925 0
26950 0
26975 0
27000 0
27025 0
27050 0
27075 0
27100 0
27125 0
27150 0
27175 0
27200 0
27225 0
27250 0
27275 0
27300 0
27325 0
27350 0
27375 0
27400 0
27425 0
27450 0
27475 0
27500 0
27525 0
27550 0
27575 0
27600 0
27625 0
27650 0
27675 0
27700 0
27725 0
27750 0
27775 0
27800 0
27825 0
27850 0
27875 0
27900 0
27925 0
27950 0
27975 0
28000 0
28025 0
28050 0
28075 0
28100 0
28125 0
28150 0
28175 0
28200 0
28225 0
28250 0
28275 0
28300 0
28325 0
28350 0
28375 0
28400 0
28425 0
28450 0
28475 0
28500 0
28525 0
28550 0
28575 0
28600 0
28625 0
28650 0
28675 0
28700 0
28725 0
28750 0
28775 10000
28800 10000
28825 10000
28850 10000
28875 10000
28900 10000
28925 10000
28950 10000
28975 10000
29000 10000
29025 10000
29050 10000
29075 10000
29100 10000
29125 10000
29150 10000
29175 10000
29200 10000
29225 10000
29250 10000
29275 10000
29300 10000
29325 10000
29350 10000
29375 10000
29400 10000
29425 10000
29450 10000
29475 10000
29500 10000
29525 10000
29550 10000
29575 10000
29600 10000
29625 10000
29650 10000
29675 10000
29700 10000
29725 10000
29750 10000
29775 10000
29800 10000
29825 10000
29850 10000
29875 10000
29900 10000
29925 10000
29950 10000
29975 10000
30000 10000
30025 10000
30050 10000
30075 10000
30100 10000
30125 10000
30150 10000
30175 10000
30200 10000
30225 10000
30250 10000
30275 10000
30300 10000
30325 10000
30350 10000
30375 10000
30400 10000
30425 10000
30450 10000
30475 10000
30500 10000
30525 10000
30550 10000
30575 10000
30600 10000
30625 10000
30650 10000
30675 10000
30700 10000
30725 10000
30750 10000
30775 10000
30800 10000
30825 10000
30850 10000
30875 10000
30900 10000
30925 10000
30950 10000
30975 10000
31000 10000
31025 10000
31050 10000
31075 10000
31100 10000
31125 10000
31150 10000
31175 10000
31200 10000
31225 10000
31250 10000
31275 10000
31300 10000
31325 10000
31350 10000
31375 10000
31400 10000
31425 10000
31450 10000
31475 10000
31500 10000
31525 10000
31550 10000
31575 10000
31600 10000
31625 10000
31650 10000
31675 10000
31700 10000
31725 10000
31750 10000
31775 10000
31800 10000
31825 10000
31850 10000
31875 10000
31900 10000
31925 10000
31950 10000
31975 10000
32000 10000
32025 10000
32050 10000
32075 10000
32100 10000
32125 10000
32150 10000
32175 10000
32200 10000
32225 10000
32250 10000
32275 10000
32300 10000
32325 10000
32350 10000
32375 10000
32400 10000
32425 10000
32450 10000
32475 10000
32500 10000
32525 10000
32550 10000
32575 10000
32600 10000
32625 10000
32650 10000
32675 10000
32700 10000
32725 10000
32750 10000
32775 10000
32800 10000
32825 10000
32850 10000
32875 10000
32900 10000
32925 10000
32950 10000
32975 10000
33000 10000
33025 10000
33050 10000
33075 10000
33100 10000
33125 10000
33150 10000
33175 10000
33200 10000
33225 10000
33250 10000
33275 10000
33300 10000
33325 10000
33350 10000
33375 10000
33400 10000
33425 10000
33450 10000
33475 10000
33500 10000
33525 10000
33550 10000
33575 10000
33600 10000
33625 10000
33650 10000
33675 10000
33700 10000
33725 10000
33750 10000
33775 10000
33800 10000
33825 10000
33850 10000
33875 10000
33900 10000
33925 10000
33950 10000
33975 10000
34000 10000
34025 10000
34050 10000
34075 10000
34100 10000
34125 10000
34150 10000
34175 10000
34200 10000
34225 10000
34250 10000
34275 10000
34300 10000
34325 10000
34350 10000
34375 10000
34400 10000
34425 10000
34450 10000
34475 10000
34500 10000
34525 10000
34550 10000
34575 10000
34600 10000
34625 10000
34650 10000
34675 10000
34700 10000
34725 10000
34750 10000
34775 10000
34800 10000
34825 10000
34850 10000
34875 10000
34900 10000
34925 10000
34950 10000
34975 10000
35000 10000
35025 10000
35050 10000
35075 10000
35100 10000
35125 10000
35150 10000
35175 10000
35200 10000
35225 10000
35250 10000
35275 10000
35300 10000
35325 10000
35350 10000
35375 10000
35400 10000
35425 10000
35450 10000
35475 10000
35500 10000
35525 10000
35550 10000
35575 10000
35600 10000
35625 10000
35650 10000
35675 10000
35700 10000
35725 10000
35750 10000
35775 10000
35800 10000
35825 10000
35850 10000
35875 10000
35900 10000
35925 10000
35950 10000
35975 10000
36000 10000
36025 10000
36050 10000
36075 10000
36100 10000
36125 10000
36150 10000
36175 10000
36200 10000
36225 10000
36250 10000
36275 10000
36300 10000
36325 10000
36350 10000
36375 10000
36400 10000
36425 10000
36450 10000
36475 10000
36500 10000
36525 10000
36550 10000
36575 10000
36600 10000
36625 10000
36650 10000
36675 10000
36700 10000
36725 10000
36750 10000
36775 10000
36800 10000
36825 10000
36850 10000
36875 10000
36900 10000
36925 10000
36950 10000
36975 10000
37000 10000
37025 10000
37050 10000
37075 10000
37100 10000
37125 10000
37150 10000
37175 10000
37200 10000
37225 10000
37250 10000
37275 10000
37300 10000
37325 10000
37350 10000
37375 10000
37400 10000
37425 10000
37450 10000
37475 10000
37500 10000
37525 10000
37550 10000
37575 10000
37600 10000
37625 10000
37650 10000
37675 10000
37700 10000
37725 10000
37750 10000
37775 10000
37800 10000
37825 10000
37850 10000
37875 10000
37900 10000
37925 10000
37950 10000
37975 10000
38000 10000
38025 10000
38050 10000
38075 10000
38100 10000
38125 10000
38150 10000
38175 10000
38200 10000
38225 10000
38250 10000
38275 10000
38300 10000
38325 10000
38350 10000
38375 10000
38400 10000
38425 10000
38450 10000
38475 10000
38500 10000
38525 10000
38550 10000
38575 10000
38600 10000
38625 10000
38650 10000
38675 10000
38700 10000
38725 10000
38750 10000
38775 10000
38800 10000
38825 10000
38850 10000
38875 10000
38900 10000
38925 10000
38950 10000
38975 10000
39000 10000
39025 10000
39050 10000
39075 10000
39100 10000
39125 10000
39150 10000
39175 10000
39200 10000
39225 10000
39250 10000
39275 10000
39300 10000
39325 10000
39350 10000
39375 10000
39400 10000
39425 10000
39450 10000
39475 10000
39500 10000
39525 10000
39550 10000
39575 10000
39600 10000
39625 10000
39650 10000
39675 10000
39700 10000
39725 10000
39750 10000
39775 10000
39800 10000
39825 10000
39850 10000
39875 10000
39900 10000
39925 10000
39950 10000
39975 10000
40000 10000
40025 10000
40050 10000
40075 10000
40100 10000
40125 10000
40150 10000
40175 10000
40200 10000
40225 10000
40250 10000
40275 10000
40300 10000
40325 10000
40350 10000
40375 10000
40400 10000
40425 10000
40450 10000
40475 10000
40500 10000
40525 10000
40550 10000
40575 10000
40600 10000
40625 10000
40650 10000
40675 10000
40700 10000
40725 10000
40750 10000
40775 10000
40800 10000
40825 10000
40850 10000
40875 10000
40900 10000
40925 10000
40950 10000
40975 10000
41000 10000
41025 10000
41050 10000
41075 10000
41100 10000
41125 10000
41150 10000
41175 10000
41200 10000
41225 10000
41250 10000
41275 10000
41300 10000
41325 10000
41350 10000
41375 10000
41400 10000
41425 10000
41450 10000
41475 10000
41500 10000
41525 10000
41550 10000
41575 10000
41600 10000
41625 10000
41650 10000
41675 10000
41700 10000
41725 10000
41750 10000
41775 10000
41800 10000
41825 10000
41850 10000
41875 10000
41900 10000
41925 10000
41950 10000
41975 10000
42000 10000
42025 10000
42050 10000
42075 10000
42100 10000
42125 10000
42150 10000
42175 10000
42200 10000
42225 10000
42250 10000
42275 10000
42300 10000
42325 10000
42350 10000
42375 10000
42400 10000
42425 10000
42450 10000
42475 10000
42500 10000
42525 10000
42550 10000
42575 10000
42600 10000
42625 10000
42650 10000
42675 10000
42700 10000
42725 10000
42750 10000
42775 10000
42800 10000
42825 10000
42850 10000
42875 10000
42900 10000
42925 10000
42950 10000
42975 10000
43000 10000
43025 10000
43050 10000
43075 10000
43100 10000
43125 10000
43150 10000
43175 10000
43200 10000
43225 10000
43250 10000
43275 10000
43300 10000
43325 10000
43350 10000
43375 10000
43400 10000
43425 10000
43450 10000
43475 10000
43500 10000
43525 10000
43550 10000
43575 10000
43600 10000
43625 10000
43650 10000
43675 10000
43700 10000
43725 10000
43750 10000
43775 10000
43800 10000
43825 10000
43850 10000
43875 10000
43900 10000
43925 10000
43950 10000
43975 10000
44000 10000
44025 10000
44050 10000
44075 10000
44100 10000
44125 10000
44150 10000
44175 10000
44200 10000
44225 10000
44250 10000
44275 10000
44300 10000
44325 10000
44350 10000
44375 10000
44400 10000
44425 10000
44450 10000
44475 10000
44500 10000
44525 10000
44550 10000
44575 10000
44600 10000
44625 10000
44650 10000
44675 10000
44700 10000
44725 10000
44750 10000
44775 10000
44800 10000
44825 10000
44850 10000
44875 10000
44900 10000
44925 10000
44950 10000
44975 10000
45000 10000
45025 10000
45050 10000
45075 10000
45100 10000
45125 10000
45150 10000
45175 10000
45200 10000
45225 10000
45250 10000
45275 10000
45300 10000
45325 10000
45350 10000
45375 10000
45400 10000
45425 10000
45450 10000
45475 10000
45500 10000
45525 10000
45550 10000
45575 10000
45600 10000
45625 10000
45650 10000
45675 10000
45700 10000
45725 10000
45750 10000
45775 10000
45800 10000
45825 10000
45850 10000
45875 10000
45900 10000
45925 10000
45950 10000
45975 10000
46000 10000
46025 10000
46050 10000
46075 10000
46100 10000
46125 10000
46150 10000
46175 10000
46200 10000
46225 10000
46250 10000
46275 10000
46300 10000
46325 10000
46350 10000
46375 10000
46400 10000
46425 10000
46450 10000
46475 10000
46500 10000
46525 10000
46550 10000
46575 10000
46600 10000
46625 10000
46650 10000
46675 10000
46700 10000
46725 10000
46750 10000
46775 10000
46800 10000
46825 10000
46850 10000
46875 10000
46900 10000
46925 10000
46950 10000
46975 10000
47000 10000
47025 10000
47050 10000
47075 10000
47100 10000
47125 10000
47150 10000
47175 10000
47200 10000
47225 10000
47250 10000
47275 10000
47300 10000
47325 10000
47350 10000
47375 10000
47400 10000
47425 10000
47450 10000
47475 10000
47500 10000
47525 10000
47550 10000
47575 10000
47600 10000
47625 10000
47650 10000
47675 10000
47700 10000
47725 10000
47750 10000
47775 10000
47800 10000
47825 10000
47850 10000
47875 10000
47900 10000
47925 10000
47950 10000
47975 10000
48000 10000
48025 10000
48050 10000
48075 10000
48100 10000
48125 10000
48150 10000
48175 10000
48200 10000
48225 10000
48250 10000
48275 10000
48300 10000
48325 10000
48350 10000
48375 10000
48400 10000
48425 10000
48450 10000
48475 10000
48500 10000
48525 10000
48550 10000
48575 10000
48600 10000
48625 10000
48650 10000
48675 10000
48700 10000
48725 10000
48750 10000
48775 10000
48800 10000
48825 10000
48850 10000
48875 10000
48900 10000
48925 10000
48950 10000
48975 10000
49000 10000
49025 10000
49050 10000
49075 10000
49100 10000
49125 10000
49150 10000
49175 10000
49200 10000
49225 10000
49250 10000
49275 10000
49300 10000
49325 10000
49350 10000
49375 10000
49400 10000
49425 10000
49450 10000
49475 10000
49500 10000
49525 10000
49550 10000
49575 10000
49600 10000
49625 10000
49650 10000
49675 10000
49700 10000
49725 10000
49750 10000
49775 10000
49800 10000
49825 10000
49850 10000
49875 10000
49900 10000
49925 10000
49950 10000
49975 10000
50000 10000
50025 10000
50050 10000
50075 10000
50100 10000
50125 10000
50150 10000
50175 10000
50200 10000
50225 10000
50250 10000
50275 10000
50300 10000
50325 10000
50350 10000
50375 10000
50400 10000
50425 10000
50450 10000
50475 10000
50500 10000
50525 10000
50550 10000
50575 10000
50600 10000
50625 10000
50650 10000
50675 10000
50700 10000
50725 10000
50750 10000
50775 10000
50800 10000
50825 10000
50850 10000
50875 10000
50900 10000
50925 10000
50950 10000
50975 10000
51000 10000
51025 10000
51050 10000
51075 10000
51100 10000
51125 10000
51150 10000
51175 10000
51200 10000
51225 10000
51250 10000
51275 10000
51300 10000
51325 10000
51350 10000
51375 10000
51400 10000
51425 10000
51450 10000
51475 10000
51500 10000
51525 10000
51550 10000
51575 10000
51600 10000
51625 10000
51650 10000
51675 10000
51700 10000
51725 10000
51750 10000
51775 10000
51800 10000
51825 10000
51850 10000
51875 10000
51900 10000
51925 10000
51950 10000
51975 10000
52000 10000
52025 10000
52050 10000
52075 10000
52100 10000
52125 10000
52150 10000
52175 10000
52200 10000
52225 10000
52250 10000
52275 10000
52300 10000
52325 10000
52350 10000
52375 10000
52400 10000
52425 10000
52450 10000
52475 10000
52500 10000
52525 10000
52550 10000
52575 10000
52600 10000
52625 10000
52650 10000
52675 10000
52700 10000
52725 10000
52750 10000
52775 10000
52800 10000
52825 10000
52850 10000
52875 10000
52900 10000
52925 10000
52950 10000
52975 10000
53000 10000
53025 10000
53050 10000
53075 10000
53100 10000
53125 10000
53150 10000
53175 10000
53200 10000
53225 10000
53250 10000
53275 10000
53300 10000
53325 10000
53350 10000
53375 10000
53400 10000
53425 10000
53450 10000
53475 10000
53500 10000
53525 10000
53550 10000
53575 10000
53600 10000
53625 10000
53650 10000
53675 10000
53700 10000
53725 10000
53750 10000
53775 10000
53800 10000
53825 10000
53850 10000
53875 10000
53900 10000
53925 10000
53950 10000
53975 10000
54000 10000
54025 10000
54050 10000
54075 10000
54100 10000
54125 10000
54150 10000
54175 10000
54200 10000
54225 10000
54250 10000
54275 10000
54300 10000
54325 10000
54350 10000
54375 10000
54400 10000
54425 10000
54450 10000
54475 10000
54500 10000
54525 10000
54550 10000
54575 10000
54600 10000
54625 10000
54650 10000
54675 10000
54700 10000
54725 10000
54750 10000
54775 10000
54800 10000
54825 10000
54850 10000
54875 10000
54900 10000
54925 10000
54950 10000
54975 10000
55000 10000
55025 10000
55050 10000
55075 10000
55100 10000
55125 10000
55150 10000
55175 10000
55200 10000
55225 10000
55250 10000
55275 10000
55300 10000
55325 10000
55350 10000
55375 10000
55400 10000
55425 10000
55450 10000
55475 10000
55500 10000
55525 10000
55550 10000
55575 10000
55600 10000
55625 10000
55650 10000
55675 10000
55700 10000
55725 10000
55750 10000
55775 10000
55800 10000
55825 10000
55850 10000
55875 10000
55900 10000
55925 10000
55950 10000
55975 10000
56000 10000
56025 10000
56050 10000
56075 10000
56100 10000
56125 10000
56150 10000
56175 10000
56200 10000
56225 10000
56250 10000
56275 10000
56300 10000
56325 10000
56350 10000
56375 10000
56400 10000
56425 10000
56450 10000
56475 10000
56500 10000
56525 10000
56550 10000
56575 10000
56600 10000
56625 10000
56650 10000
56675 10000
56700 10000
56725 10000
56750 10000
56775 10000
56800 10000
56825 10000
56850 10000
56875 10000
56900 10000
56925 10000
56950 10000
56975 10000
57000 10000
57025 10000
57050 10000
57075 10000
57100 10000
57125 10000
57150 10000
57175 10000
57200 10000
57225 10000
57250 10000
57275 10000
57300 10000
57325 10000
57350 10000
57375 10000
57400 10000
57425 10000
57450 10000
57475 10000
57500 10000
57525 10000
57550 10000
57575 10000
57600 10000
57625 10000
57650 10000
57675 10000
57700 10000
57725 10000
57750 10000
57775 10000
57800 10000
57825 10000
57850 10000
57875 10000
57900 10000
57925 10000
57950 10000
57975 10000
58000 10000
58025 10000
58050 10000
58075 10000
58100 10000
58125 10000
58150 10000
58175 10000
58200 10000
58225 10000
58250 10000
58275 10000
58300 10000
58325 10000
58350 10000
58375 10000
58400 10000
58425 10000
58450 10000
58475 10000
58500 10000
58525 10000
58550 10000
58575 10000
58600 10000
58625 10000
58650 10000
58675 10000
58700 10000
58725 10000
58750 10000
58775 10000
58800 10000
58825 10000
58850 10000
58875 10000
58900 10000
58925 10000
58950 10000
58975 10000
59000 10000
59025 10000
59050 10000
59075 10000
59100 10000
59125 10000
59150 10000
59175 10000
59200 10000
59225 10000
59250 10000
59275 10000
59300 10000
59325 10000
59350 10000
59375 10000
59400 10000
59425 10000
59450 10000
59475 10000
59500 10000
59525 10000
59550 10000
59575 10000
59600 10000
59625 10000
59650 10000
59675 10000
59700 10000
59725 10000
59750 10000
59775 10000
59800 10000
59825 10000
59850 10000
59875 10000
59900 10000
59925 10000
59950 10000
59975 10000
60000 10000
60025 10000
60050 10000
60075 10000
60100 10000
60125 10000
60150 10000
60175 10000
60200 10000
60225 10000
60250 10000
60275 10000
60300 10000
60325 10000
60350 10000
60375 10000
60400 10000
60425 10000
60450 10000
60475 10000
60500 10000
60525 10000
60550 10000
60575 10000
60600 10000
60625 10000
60650 10000
60675 10000
60700 10000
60725 10000
60750 10000
60775 10000
60800 10000
60825 10000
60850 10000
60875 10000
60900 10000
60925 10000
60950 10000
60975 10000
61000 10000
61025 10000
61050 10000
61075 10000
61100 10000
61125 10000
61150 10000
61175 10000
61200 10000
61225 10000
61250 10000
61275 10000
61300 10000
61325 10000
61350 10000
61375 10000
61400 10000
61425 10000
61450 10000
61475 10000
61500 10000
61525 10000
61550 10000
61575 10000
61600 10000
61625 10000
61650 10000
61675 10000
61700 10000
61725 10000
61750 10000
61775 10000
61800 10000
61825 10000
61850 10000
61875 10000
61900 10000
61925 10000
61950 10000
61975 10000
62000 10000
62025 10000
62050 10000
62075 10000
62100 10000
62125 10000
62150 10000
62175 10000
62200 10000
62225 10000
62250 10000
62275 10000
62300 10000
62325 10000
62350 10000
62375 10000
62400 10000
62425 10000
62450 10000
62475 10000
62500 10000
62525 10000
62550 10000
62575 10000
62600 10000
62625 10000
62650 10000
62675 10000
62700 10000
62725 10000
62750 10000
62775 10000
62800 10000
62825 10000
62850 10000
62875 10000
62900 10000
62925 10000
62950 10000
62975 10000
63000 10000
63025 10000
63050 10000
63075 10000
63100 10000
63125 10000
63150 10000
63175 10000
63200 10000
63225 10000
63250 10000
63275 10000
63300 10000
63325 10000
63350 10000
63375 10000
63400 10000
63425 10000
63450 10000
63475 10000
63500 10000
63525 10000
63550 10000
63575 10000
63600 10000
63625 10000
63650 10000
63675 10000
63700 10000
63725 10000
63750 10000
63775 10000
63800 10000
63825 10000
63850 10000
63875 10000
63900 10000
63925 10000
63950 10000
63975 10000
64000 10000
64025 10000
64050 10000
64075 10000
64100 10000
64125 10000
64150 10000
64175 10000
64200 10000
64225 10000
64250 10000
64275 10000
64300 10000
64325 10000
64350 10000
64375 10000
64400 10000
64425 10000
64450 10000
64475 10000
64500 10000
64525 10000
64550 10000
64575 10000
64600 10000
64625 10000
64650 10000
64675 10000
64700 10000
64725 10000
64750 10000
64775 10000
64800 10000
64825 10000
64850 10000
64875 10000
64900 10000
64925 10000
64950 10000
64975 10000
65000 10000
65025 10000
65050 10000
65075 10000
65100 10000
65125 10000
65150 10000
65175 10000
65200 10000
65225 10000
65250 10000
65275 10000
65300 10000
65325 10000
65350 10000
65375 10000
65400 10000
65425 10000
65450 10000
65475 10000
65500 10000
65525 10000
65550 10000
65575 10000
65600 10000
65625 10000
65650 10000
65675 10000
65700 10000
65725 10000
65750 10000
65775 10000
65800 10000
65825 10000
65850 10000
65875 10000
65900 10000
65925 10000
65950 10000
65975 10000
66000 10000
66025 10000
66050 10000
66075 10000
66100 10000
66125 10000
66150 10000
66175 10000
66200 10000
66225 10000
66250 10000
66275 10000
66300 10000
66325 10000
66350 10000
66375 10000
66400 10000
66425 10000
66450 10000
66475 10000
66500 10000
66525 10000
66550 10000
66575 10000
66600 10000
66625 10000
66650 10000
66675 10000
66700 10000
66725 10000
66750 10000
66775 10000
66800 10000
66825 10000
66850 10000
66875 10000
66900 10000
66925 10000
66950 10000
66975 10000
67000 10000
67025 10000
67050 10000
67075 10000
67100 10000
67125 10000
67150 10000
67175 10000
67200 10000
67225 10000
67250 10000
67275 10000
67300 10000
67325 10000
67350 10000
67375 10000
67400 10000
67425 10000
67450 10000
67475 10000
67500 10000
67525 10000
67550 10000
67575 10000
67600 10000
67625 10000
67650 10000
67675 10000
67700 10000
67725 10000
67750 10000
67775 10000
67800 10000
67825 10000
67850 10000
67875 10000
67900 10000
67925 10000
67950 10000
67975 10000
68000 10000
68025 10000
68050 10000
68075 10000
68100 10000
68125 10000
68150 10000
68175 10000
68200 10000
68225 10000
68250 10000
68275 10000
68300 10000
68325 10000
68350 10000
68375 10000
68400 10000
68425 10000
68450 10000
68475 10000
68500 10000
68525 10000
68550 10000
68575 10000
68600 10000
68625 10000
68650 10000
68675 10000
68700 10000
68725 10000
68750 10000
68775 10000
68800 10000
68825 10000
68850 10000
68875 10000
68900 10000
68925 10000
68950 10000
68975 10000
69000 10000
69025 10000
69050 10000
69075 10000
69100 10000
69125 10000
69150 10000
69175 10000
69200 10000
69225 10000
69250 10000
69275 10000
69300 10000
69325 10000
69350 10000
69375 10000
69400 10000
69425 10000
69450 10000
69475 10000
69500 10000
69525 10000
69550 10000
69575 10000
69600 10000
69625 10000
69650 10000
69675 10000
69700 10000
69725 10000
69750 10000
69775 10000
69800 10000
69825 10000
69850 10000
69875 10000
69900 10000
69925 10000
69950 10000
69975 10000
70000 10000
70025 10000
70050 10000
70075 10000
70100 10000
70125 10000
70150 10000
70175 10000
70200 10000
70225 10000
70250 10000
70275 10000
70300 10000
70325 10000
70350 10000
70375 10000
70400 10000
70425 10000
70450 10000
70475 10000
70500 10000
70525 10000
70550 10000
70575 10000
70600 10000
70625 10000
70650 10000
70675 10000
70700 10000
70725 10000
70750 10000
70775 10000
70800 10000
70825 10000
70850 10000
70875 10000
70900 10000
70925 10000
70950 10000
70975 10000
71000 10000
71025 10000
71050 10000
71075 10000
71100 10000
71125 10000
71150 10000
71175 10000
71200 10000
71225 10000
71250 10000
71275 10000
71300 10000
71325 10000
71350 10000
71375 10000
71400 10000
71425 10000
71450 10000
71475 10000
71500 10000
71525 10000
71550 10000
71575 10000
71600 10000
71625 10000
71650 10000
71675 10000
71700 10000
71725 10000
71750 10000
71775 10000
71800 10000
71825 10000
71850 10000
71875 10000
71900 10000
71925 10000
71950 10000
71975 10000
72000 10000
72025 10000
72050 10000
72075 10000
72100 10000
72125 10000
72150 10000
72175 10000
72200 10000
72225 10000
72250 10000
72275 10000
72300 10000
72325 10000
72350 10000
72375 10000
72400 10000
72425 10000
72450 10000
72475 10000
72500 10000
72525 10000
72550 10000
72575 10000
72600 10000
72625 10000
72650 10000
72675 10000
72700 10000
72725 10000
72750 10000
72775 10000
72800 10000
72825 10000
72850 10000
72875 10000
72900 10000
72925 10000
72950 10000
72975 10000
73000 10000
73025 10000
73050 10000
73075 10000
73100 10000
73125 10000
73150 10000
73175 10000
73200 10000
73225 10000
73250 10000
73275 10000
73300 10000
73325 10000
73350 10000
73375 10000
73400 10000
73425 10000
73450 10000
73475 10000
73500 10000
73525 10000
73550 10000
73575 10000
73600 10000
73625 10000
73650 10000
73675 10000
73700 10000
73725 10000
73750 10000
73775 10000
73800 10000
73825 10000
73850 10000
73875 10000
73900 10000
73925 10000
73950 10000
73975 10000
74000 10000
74025 10000
74050 10000
74075 10000
74100 10000
74125 10000
74150 10000
74175 10000
74200 10000
74225 10000
74250 10000
74275 10000
74300 10000
74325 10000
74350 10000
74375 10000
74400 10000
74425 10000
74450 10000
74475 10000
74500 10000
74525 10000
74550 10000
74575 10000
74600 10000
74625 10000
74650 10000
74675 10000
74700 10000
74725 10000
74750 10000
74775 10000
74800 10000
74825 10000
74850 10000
74875 10000
74900 10000
74925 10000
74950 10000
74975 10000
75000 10000
75025 10000
75050 10000
75075 10000
75100 10000
75125 10000
75150 10000
75175 10000
75200 10000
75225 10000
75250 10000
75275 10000
75300 10000
75325 10000
75350 10000
75375 10000
75400 10000
75425 10000
75450 10000
75475 10000
75500 10000
75525 10000
75550 10000
75575 10000
75600 10000
75625 10000
75650 10000
75675 10000
75700 10000
75725 10000
75750 10000
75775 10000
75800 10000
75825 10000
75850 10000
75875 10000
75900 10000
75925 10000
75950 10000
75975 10000
76000 10000
76025 10000
76050 10000
76075 10000
76100 10000
76125 10000
76150 10000
76175 10000
76200 10000
76225 10000
76250 10000
76275 10000
76300 10000
76325 10000
76350 10000
76375 10000
76400 10000
76425 10000
76450 10000
76475 10000
76500 10000
76525 10000
76550 10000
76575 10000
76600 10000
76625 10000
76650 10000
76675 10000
76700 10000
76725 10000
76750 10000
76775 10000
76800 10000
76825 10000
76850 10000
76875 10000
76900 10000
76925 10000
76950 10000
76975 10000
77000 10000
77025 10000
77050 10000
77075 10000
77100 10000
77125 10000
77150 10000
77175 10000
77200 10000
77225 10000
77250 10000
77275 10000
77300 10000
77325 10000
